7
1
2
1 4 21 20 0 -1
1 9 21 10 0 2
haar_y4
-1.252674e-001 0 -1
1.000000e+000 -2.812503e-001 
1
3
14 4 4 10 0 -1
16 4 2 5 0 2
14 9 2 5 0 2
haar_x2_y2
-8.666620e-003 0 -1
5.507150e-001 -6.067663e-002 
1
3
6 4 4 10 0 -1
6 4 2 5 0 2
8 9 2 5 0 2
haar_x2_y2
3.819182e-003 0 -1
-4.477360e-001 8.157669e-001 
1
2
18 20 3 4 0 -1
19 20 1 4 0 3
haar_x3
4.500158e-003 0 -1
1.197058e-001 -9.999990e-001 
1
3
10 16 2 8 0 -1
10 16 1 4 0 2
11 20 1 4 0 2
haar_x2_y2
1.293801e-003 0 -1
-4.337954e-001 8.697489e-001 
1
2
18 20 3 4 0 -1
19 20 1 4 0 3
haar_x3
2.174909e-003 0 -1
3.550919e-003 6.225591e-001 
1
2
2 13 9 1 0 -1
5 16 3 1 0 3
tilted_haar_x3
1.475901e-003 0 -1
5.919993e-001 -7.574666e-001 
-5.541239e-001

3
-1
