6
1
2
5 16 12 8 0 -1
5 18 12 4 0 2
haar_y4
-2.732889e-003 0 -1
4.230771e-001 -7.333341e-001 
1
2
13 5 4 2 0 -1
13 6 4 1 0 2
haar_y2
4.789671e-003 0 -1
5.017205e-002 -9.999996e-001 
1
2
7 5 4 2 0 -1
7 6 4 1 0 2
haar_y2
-1.598262e-003 0 -1
8.478475e-001 -4.173072e-001 
1
2
17 0 4 1 0 -1
18 0 2 1 0 2
haar_x4
-1.298331e-004 0 -1
-4.328912e-001 4.761584e-001 
1
3
0 7 6 4 0 -1
0 7 3 2 0 2
3 9 3 2 0 2
haar_x2_y2
2.322970e-003 0 -1
-4.402638e-001 7.989969e-001 
1
2
0 12 24 4 0 -1
0 13 24 2 0 2
haar_y4
-1.135320e-002 0 -1
-8.853660e-001 4.867588e-001 
-5.778158e-001

0
-1
