9
1
2
4 22 15 2 0 -1
4 23 15 1 0 2
haar_y2
6.481766e-003 0 -1
-3.877552e-001 7.307696e-001 
1
2
9 17 9 3 0 -1
12 18 3 1 0 9
haar_point
2.458394e-002 0 -1
-7.465778e-003 5.236507e-001 
1
2
6 17 9 3 0 -1
9 18 3 1 0 9
haar_point
1.918281e-003 0 -1
-3.260461e-001 6.425001e-001 
1
2
12 5 2 12 0 -1
12 5 1 12 0 2
tilted_haar_y2
-2.045191e-002 0 -1
1.000000e+000 -2.832645e-002 
1
2
0 10 14 8 0 -1
7 10 7 8 0 2
haar_x2
-1.470291e-002 0 -1
3.725320e-001 -6.109654e-001 
1
2
21 5 3 10 0 -1
22 5 1 10 0 3
haar_x3
-1.058647e-002 0 -1
7.170949e-001 -1.702529e-001 
1
2
0 5 3 10 0 -1
1 5 1 10 0 3
haar_x3
-1.726696e-003 0 -1
7.067185e-001 -4.063300e-001 
1
2
9 2 8 3 0 -1
11 2 4 3 0 2
haar_x4
1.486839e-002 0 -1
1.406584e-001 -8.299182e-001 
1
2
3 21 10 3 0 -1
3 22 10 1 0 3
haar_y3
8.834291e-004 0 -1
-4.148606e-001 6.469978e-001 
-3.404987e-001

10
-1
