6
1
2
4 19 16 5 0 -1
8 19 8 5 0 2
haar_x4
-1.102798e-002 0 -1
4.090910e-001 -5.806455e-001 
1
2
10 20 9 4 0 -1
10 21 9 2 0 2
haar_y4
-6.957445e-003 0 -1
5.130953e-001 -2.067254e-001 
1
2
4 10 6 3 0 -1
7 10 3 3 0 2
haar_x2
4.386843e-004 0 -1
-3.023603e-001 7.319508e-001 
1
2
2 8 20 4 0 -1
7 8 10 4 0 2
haar_x4
-8.305085e-002 0 -1
7.378947e-001 -2.948771e-001 
1
2
3 0 3 2 0 -1
4 0 1 2 0 3
haar_x3
5.504949e-004 0 -1
2.975569e-001 -8.524353e-001 
1
2
11 18 2 2 0 -1
11 19 2 1 0 2
haar_y2
8.226374e-005 0 -1
3.204887e-001 -6.887504e-001 
-7.665627e-001

9
-1
