8
1
2
3 20 18 3 0 -1
12 20 9 3 0 2
haar_x2
2.203814e-002 0 -1
-3.555557e-001 5.333337e-001 
1
2
8 6 9 4 0 -1
11 6 3 4 0 3
haar_x3
4.227652e-004 0 -1
-1.279314e-001 4.482007e-001 
1
2
6 3 17 4 0 -1
5 4 17 2 0 2
tilted_haar_y4
-1.825765e-002 0 -1
1.000000e+000 -2.287479e-001 
1
2
23 14 1 6 0 -1
23 16 1 2 0 3
haar_y3
-1.366387e-005 0 -1
-3.648666e-001 3.313867e-001 
1
2
8 3 6 2 0 -1
10 3 2 2 0 3
haar_x3
2.241037e-005 0 -1
-3.957224e-001 4.915492e-001 
1
3
0 1 24 4 0 -1
12 1 12 2 0 2
0 3 12 2 0 2
haar_x2_y2
1.466508e-002 0 -1
-3.584145e-001 5.704886e-001 
1
2
3 8 1 4 0 -1
3 9 1 2 0 2
haar_y4
-2.054617e-004 0 -1
-6.740971e-001 3.419494e-001 
1
2
6 17 14 6 0 -1
6 19 14 2 0 3
haar_y3
4.618725e-004 0 -1
-2.050461e-001 2.733353e-001 
-6.484754e-001

13
-1
