6
1
2
0 21 6 2 0 -1
0 22 6 1 0 2
haar_y2
9.074030e-005 0 -1
-5.142859e-001 4.500003e-001 
1
2
12 0 4 8 0 -1
12 0 2 8 0 2
tilted_haar_y2
4.047212e-002 0 -1
-1.004333e-001 4.049737e-001 
1
2
0 9 8 2 0 -1
2 9 4 2 0 2
haar_x4
-2.969793e-003 0 -1
7.063015e-001 -3.648821e-001 
1
2
12 1 2 7 0 -1
12 1 1 7 0 2
tilted_haar_y2
1.748143e-003 0 -1
-1.669838e-001 2.660775e-001 
1
2
0 0 14 3 0 -1
0 1 14 1 0 3
haar_y3
-2.096051e-003 0 -1
6.013268e-001 -3.751057e-001 
1
2
2 15 21 4 0 -1
2 17 21 2 0 2
haar_y2
-4.182125e-003 0 -1
5.672532e-001 -3.429118e-001 
-7.934190e-001

12
-1
