6
1
2
0 5 24 18 0 -1
8 5 8 18 0 3
haar_x3
-3.893375e-001 0 -1
8.596492e-001 -5.268819e-001 
1
2
22 18 1 4 0 -1
22 20 1 2 0 2
haar_y2
-1.961403e-004 0 -1
-2.566499e-001 2.446070e-001 
1
2
1 18 1 4 0 -1
1 20 1 2 0 2
haar_y2
-6.474729e-004 0 -1
-8.763541e-001 2.927540e-001 
1
2
22 0 2 12 0 -1
22 0 1 12 0 2
haar_x2
2.176420e-003 0 -1
-2.360989e-001 4.379000e-001 
1
2
0 0 2 12 0 -1
1 0 1 12 0 2
haar_x2
-4.846291e-003 0 -1
7.411194e-001 -4.087743e-001 
1
2
10 1 4 2 0 -1
11 1 2 2 0 2
haar_x4
8.884465e-004 0 -1
3.800026e-001 -9.732644e-001 
-7.556485e-001

6
-1
