6
1
2
12 8 12 1 0 -1
16 12 4 1 0 3
tilted_haar_x3
-1.273658e-002 0 -1
1.000000e+000 -3.442627e-001 
1
2
21 20 1 3 0 -1
20 21 1 1 0 3
tilted_haar_x3
1.470790e-003 0 -1
2.640609e-001 -4.246509e-001 
1
2
6 11 6 6 0 -1
4 13 6 2 0 3
tilted_haar_y3
4.220819e-003 0 -1
-4.980531e-001 7.093891e-001 
1
2
22 5 1 6 0 -1
22 7 1 2 0 3
haar_y3
7.302949e-004 0 -1
1.989549e-001 -2.604727e-001 
1
2
5 5 2 3 0 -1
5 6 2 1 0 3
haar_y3
-4.076811e-004 0 -1
-6.208851e-001 6.588665e-001 
1
2
21 0 2 1 0 -1
21 0 1 1 0 2
haar_x2
2.380801e-004 0 -1
3.672464e-001 -7.201113e-001 
-6.329387e-001

8
-1
