8
1
2
0 20 8 4 0 -1
4 20 4 4 0 2
haar_x2
-1.367200e-004 0 -1
4.222223e-001 -6.333337e-001 
1
2
22 23 2 1 0 -1
22 23 1 1 0 2
haar_x2
-1.306843e-004 0 -1
-7.400790e-001 1.979072e-001 
1
2
0 23 2 1 0 -1
1 23 1 1 0 2
haar_x2
8.463237e-005 0 -1
2.576822e-001 -8.892666e-001 
1
2
17 0 1 2 0 -1
17 1 1 1 0 2
haar_y2
-1.418978e-003 0 -1
4.203238e-001 -1.430643e-001 
1
2
6 0 1 2 0 -1
6 1 1 1 0 2
haar_y2
-1.966128e-004 0 -1
6.563796e-001 -4.149280e-001 
1
2
20 6 1 4 0 -1
20 8 1 2 0 2
haar_y2
-1.239501e-003 0 -1
-6.361769e-001 1.289228e-001 
1
2
3 6 1 4 0 -1
3 8 1 2 0 2
haar_y2
4.170660e-004 0 -1
4.262573e-001 -6.944887e-001 
1
2
21 19 3 4 0 -1
21 20 3 2 0 2
haar_y4
-1.970039e-002 0 -1
1.000000e+000 -9.395679e-002 
-1.039613e+000

8
-1
