7
1
2
0 14 23 10 0 -1
0 19 23 5 0 2
haar_y2
5.650350e-002 0 -1
-3.958335e-001 7.037041e-001 
1
2
4 0 20 1 0 -1
4 0 10 1 0 2
haar_x2
1.577643e-003 0 -1
2.783413e-001 -4.060543e-001 
1
2
10 3 4 5 0 -1
11 3 2 5 0 2
haar_x4
3.959278e-004 0 -1
-4.166101e-001 5.856165e-001 
1
2
16 8 6 4 0 -1
16 8 6 2 0 2
tilted_haar_x2
1.913157e-002 0 -1
-2.931508e-001 3.682970e-001 
1
2
4 3 16 4 0 -1
4 4 16 2 0 2
haar_y4
-6.188815e-003 0 -1
6.968048e-001 -3.246769e-001 
1
2
18 6 3 6 0 -1
19 8 1 2 0 9
haar_point
-8.108150e-005 0 -1
-1.970836e-001 3.052031e-001 
1
2
10 5 2 2 0 -1
10 5 1 2 0 2
tilted_haar_x2
3.900480e-004 0 -1
-6.247481e-001 4.472294e-001 
-9.017841e-001

11
-1
