7
1
2
0 5 4 19 0 -1
2 5 2 19 0 2
haar_x2
-2.253186e-002 0 -1
7.551021e-001 -3.663368e-001 
1
2
20 7 1 2 0 -1
20 8 1 1 0 2
haar_y2
4.553921e-004 0 -1
1.797412e-001 -5.495819e-001 
1
2
3 7 1 2 0 -1
3 8 1 1 0 2
haar_y2
-1.250143e-004 0 -1
-8.145482e-001 3.629147e-001 
1
2
11 1 8 2 0 -1
13 1 4 2 0 2
haar_x4
6.455384e-003 0 -1
1.651307e-002 -5.636820e-001 
1
2
8 1 4 3 0 -1
9 1 2 3 0 2
haar_x4
1.118243e-003 0 -1
3.454666e-001 -8.263510e-001 
1
2
0 8 24 16 0 -1
8 8 8 16 0 3
haar_x3
-4.851205e-001 0 -1
8.646457e-001 -3.647066e-001 
1
2
9 18 3 3 0 -1
10 19 1 1 0 9
haar_point
1.465795e-005 0 -1
-4.489192e-001 5.491300e-001 
-8.555222e-001

7
-1
