7
1
2
3 4 3 1 0 -1
4 5 1 1 0 3
tilted_haar_x3
-1.560722e-004 0 -1
-6.000002e-001 5.714291e-001 
1
2
6 1 15 6 0 -1
11 3 5 2 0 9
haar_point
8.529638e-002 0 -1
-1.144833e-001 9.999999e-001 
1
2
0 3 12 1 0 -1
6 3 6 1 0 2
haar_x2
-6.644310e-003 0 -1
9.020634e-001 -3.845496e-001 
1
2
20 0 1 3 0 -1
20 1 1 1 0 3
haar_y3
1.800996e-003 0 -1
2.350514e-001 -1.000000e+000 
1
2
3 0 1 3 0 -1
3 1 1 1 0 3
haar_y3
2.948105e-004 0 -1
4.398128e-001 -7.174030e-001 
1
2
17 7 2 3 0 -1
17 7 1 3 0 2
haar_x2
-6.529215e-003 0 -1
1.000000e+000 -1.721624e-001 
1
2
2 0 6 1 0 -1
4 0 2 1 0 3
haar_x3
5.205842e-004 0 -1
4.524567e-001 -8.646793e-001 
-1.743975e-001

12
-1
