9
1
2
0 22 21 2 0 -1
0 23 21 1 0 2
haar_y2
3.342429e-003 0 -1
-5.365855e-001 6.470591e-001 
1
3
1 2 22 10 0 -1
12 2 11 5 0 2
1 7 11 5 0 2
haar_x2_y2
-1.634154e-002 0 -1
5.662467e-001 -4.315695e-001 
1
2
6 0 2 2 0 -1
6 1 2 1 0 2
haar_y2
-2.371304e-004 0 -1
6.430778e-001 -4.140987e-001 
1
2
22 9 1 4 0 -1
22 10 1 2 0 2
haar_y4
-5.306975e-005 0 -1
-3.396000e-001 2.024628e-001 
1
2
0 3 24 3 0 -1
0 4 24 1 0 3
haar_y3
-4.955947e-003 0 -1
6.899307e-001 -3.937599e-001 
1
2
13 16 4 2 0 -1
13 16 2 2 0 2
haar_x2
4.956002e-004 0 -1
-9.958960e-002 4.609234e-001 
1
3
4 0 6 10 0 -1
4 0 3 5 0 2
7 5 3 5 0 2
haar_x2_y2
-9.869310e-004 0 -1
5.445967e-001 -5.479898e-001 
1
2
14 16 3 2 0 -1
14 16 3 1 0 2
tilted_haar_x2
7.541523e-003 0 -1
-1.364657e-002 7.756911e-001 
1
2
7 16 4 2 0 -1
9 16 2 2 0 2
haar_x2
-1.175591e-003 0 -1
7.297146e-001 -4.534183e-001 
-9.894366e-001

3
-1
